Masked routing & entropy:

=== Gating Entropy per Layer ===
Layer 0 (model.layers.1.mlp.gate): avg entropy = 3.5317
Layer 1 (model.layers.2.mlp.gate): avg entropy = 3.4146
Layer 2 (model.layers.3.mlp.gate): avg entropy = 3.2631
Layer 3 (model.layers.4.mlp.gate): avg entropy = 3.3588
Layer 4 (model.layers.5.mlp.gate): avg entropy = 3.3527
Layer 5 (model.layers.6.mlp.gate): avg entropy = 3.4021
Layer 6 (model.layers.7.mlp.gate): avg entropy = 3.4045
Layer 7 (model.layers.8.mlp.gate): avg entropy = 3.4464
Layer 8 (model.layers.9.mlp.gate): avg entropy = 3.4244
Layer 9 (model.layers.10.mlp.gate): avg entropy = 3.4932
Layer 10 (model.layers.11.mlp.gate): avg entropy = 3.4898
Layer 11 (model.layers.12.mlp.gate): avg entropy = 3.5464
Layer 12 (model.layers.13.mlp.gate): avg entropy = 3.5255
Layer 13 (model.layers.14.mlp.gate): avg entropy = 3.4720
Layer 14 (model.layers.15.mlp.gate): avg entropy = 3.5052
Layer 15 (model.layers.16.mlp.gate): avg entropy = 3.5347
Layer 16 (model.layers.17.mlp.gate): avg entropy = 3.4795
Layer 17 (model.layers.18.mlp.gate): avg entropy = 3.4181
Layer 18 (model.layers.19.mlp.gate): avg entropy = 3.4037
Layer 19 (model.layers.20.mlp.gate): avg entropy = 3.5664
Layer 20 (model.layers.21.mlp.gate): avg entropy = 3.5488
Layer 21 (model.layers.22.mlp.gate): avg entropy = 3.5464
Layer 22 (model.layers.23.mlp.gate): avg entropy = 3.5571
Layer 23 (model.layers.24.mlp.gate): avg entropy = 3.5915
Layer 24 (model.layers.25.mlp.gate): avg entropy = 3.5268
Layer 25 (model.layers.26.mlp.gate): avg entropy = 3.3582
Layer 26 (model.layers.27.mlp.gate): avg entropy = 2.9881
Routing (masked): 100%
 500/500 [05:00<00:00,  1.68it/s]

=== Routing Distribution & Entropy ===
Layer 0: counts=[14359, 10325, 0, 13127, 17442, 12940, 0, 14819, 0, 12782, 14738, 15635, 14750, 15496, 13424, 14376, 17016, 15178, 18680, 0, 14515, 16121, 19655, 0, 15776, 16263, 13083, 15288, 15081, 15979, 0, 11530, 13614, 0, 16841, 12126, 0, 17644, 0, 17960, 18698, 13706, 12912, 14964, 15591, 14567, 16910, 11901, 15153, 12838, 14689, 14348, 10641, 15076, 16550, 11685, 15649, 20071, 0, 15937, 13366, 15550, 14672, 15755] entropy=3.979 (norm=0.957)
Layer 1: counts=[13189, 11953, 12837, 17215, 9221, 13600, 15650, 0, 15663, 14648, 17060, 0, 12924, 13429, 0, 11512, 13640, 19385, 14727, 0, 13838, 9813, 0, 17199, 12594, 11606, 18148, 15735, 16215, 16950, 14978, 14973, 12050, 18215, 16098, 14756, 0, 12659, 15764, 17038, 0, 16790, 15540, 13355, 17789, 13133, 14811, 12074, 19156, 13711, 14213, 16605, 17528, 16726, 16614, 14205, 22761, 16879, 13787, 15149, 11684, 0, 0, 0] entropy=3.975 (norm=0.956)
Layer 2: counts=[20417, 8502, 12844, 12496, 19293, 21643, 15622, 9879, 0, 15822, 14415, 17254, 0, 13493, 17029, 0, 20583, 18384, 11971, 20823, 16007, 9993, 0, 12197, 0, 16534, 15056, 13232, 0, 0, 16253, 16665, 0, 12738, 17225, 15036, 13273, 22076, 15626, 14486, 15281, 15617, 14946, 16354, 20182, 17821, 13814, 12076, 8250, 10625, 9474, 11081, 15211, 10948, 21586, 15614, 12864, 15216, 0, 10906, 14979, 15374, 12706, 0] entropy=3.963 (norm=0.953)
Layer 3: counts=[12056, 0, 13940, 0, 10611, 14496, 20461, 0, 9553, 20753, 13732, 15009, 12314, 21475, 8510, 13696, 15646, 0, 16080, 17340, 12245, 0, 19967, 11763, 12392, 22114, 10961, 15883, 19427, 12724, 8935, 14445, 12699, 22200, 0, 10059, 0, 0, 11821, 13718, 18062, 21218, 13445, 15685, 14800, 11795, 0, 12722, 18395, 15829, 21799, 13039, 14064, 14013, 12900, 18100, 17291, 9592, 16475, 16208, 0, 14095, 19116, 12124] entropy=3.960 (norm=0.952)
Layer 4: counts=[13986, 17645, 0, 15156, 17212, 8417, 16059, 17690, 11519, 16786, 20773, 0, 10674, 13840, 11724, 19196, 12016, 14163, 22125, 19323, 12420, 10209, 6033, 0, 10660, 15770, 16721, 0, 11645, 18234, 18261, 15596, 13120, 11755, 27611, 6078, 15972, 14930, 0, 0, 11407, 14187, 12174, 15685, 15247, 13402, 0, 0, 0, 9764, 11974, 0, 14638, 24694, 15608, 13996, 19594, 5592, 23885, 21194, 9097, 12555, 16838, 22942] entropy=3.941 (norm=0.948)
Layer 5: counts=[13721, 23277, 7251, 17690, 20602, 16775, 20456, 9043, 0, 10857, 16957, 0, 17437, 12106, 20749, 18253, 14360, 10302, 16224, 7544, 17717, 20329, 9876, 8994, 15124, 0, 14973, 15479, 24668, 10056, 0, 17132, 0, 6569, 0, 0, 15353, 20915, 16988, 14440, 12352, 15987, 12134, 23662, 15402, 11163, 12479, 17517, 14338, 16727, 0, 18966, 0, 0, 14588, 16382, 16817, 14827, 7870, 9067, 15772, 7316, 13759, 18450] entropy=3.945 (norm=0.948)
Layer 6: counts=[12705, 19316, 16121, 0, 7896, 17576, 0, 13764, 18519, 21112, 16432, 10118, 10514, 9312, 12996, 14438, 17081, 9900, 26104, 18440, 16258, 15502, 10769, 27046, 18503, 0, 0, 12457, 8141, 10279, 0, 20209, 17623, 15028, 14734, 21013, 9379, 17056, 14442, 20208, 22239, 0, 17936, 9242, 8243, 16191, 15643, 16245, 16529, 0, 6116, 16125, 14157, 12623, 11616, 9156, 0, 0, 0, 17577, 6712, 10932, 17427, 22092] entropy=3.939 (norm=0.947)
Layer 7: counts=[14720, 21552, 18442, 9646, 16841, 14305, 13289, 0, 0, 25240, 17266, 14805, 12707, 8999, 14764, 12552, 16065, 14303, 15805, 20339, 0, 11405, 0, 21577, 17732, 18361, 16861, 0, 14263, 0, 23833, 18956, 11833, 0, 16916, 16221, 23560, 13496, 5246, 7499, 12690, 8140, 9696, 9512, 20222, 7988, 0, 9621, 16065, 9640, 19421, 7875, 17859, 0, 0, 14705, 18016, 21595, 20975, 11655, 14190, 16043, 8431, 14054] entropy=3.939 (norm=0.947)
Layer 8: counts=[12831, 16065, 33433, 7015, 10021, 17760, 0, 0, 0, 18866, 9677, 12392, 10501, 25977, 15330, 16747, 19398, 15054, 16537, 5370, 13495, 13139, 0, 13232, 13126, 18479, 11605, 14259, 9491, 19688, 20965, 18193, 16451, 0, 17973, 0, 10269, 20459, 0, 19813, 12181, 15652, 15982, 17933, 9658, 24068, 12923, 9014, 20897, 10078, 8507, 12141, 0, 0, 12825, 18359, 6776, 0, 13887, 15658, 10728, 12672, 16355, 17887] entropy=3.934 (norm=0.946)
Layer 9: counts=[12696, 28780, 9819, 18811, 20117, 10909, 19500, 8340, 12686, 12196, 13009, 7735, 26027, 0, 0, 0, 7818, 20970, 13397, 10831, 23331, 17706, 13747, 12057, 12134, 18431, 8889, 4031, 0, 15155, 5760, 7929, 25245, 17048, 20677, 0, 16671, 17862, 11137, 11868, 20185, 14781, 18713, 17923, 0, 14610, 20201, 16353, 0, 12435, 8373, 10725, 17399, 0, 15651, 22567, 11417, 5868, 19943, 15077, 0, 20124, 0, 12128] entropy=3.922 (norm=0.943)
Layer 10: counts=[0, 16616, 8255, 19722, 25380, 11334, 10017, 0, 0, 7569, 10264, 19052, 0, 18034, 16935, 13296, 0, 25327, 10797, 19566, 17152, 14816, 16015, 21790, 16284, 10842, 16388, 21889, 0, 17987, 34705, 9557, 12026, 11208, 11629, 20974, 13285, 11778, 15604, 5302, 15741, 8252, 12759, 11568, 0, 8404, 8164, 9483, 0, 6457, 11032, 18802, 0, 8602, 13621, 19121, 13229, 12368, 28016, 0, 17816, 16717, 14516, 21729] entropy=3.919 (norm=0.942)
Layer 11: counts=[11579, 11109, 15968, 0, 20236, 19169, 17903, 0, 15112, 13426, 11741, 10384, 23384, 7822, 23510, 17210, 6716, 11861, 11839, 13573, 13324, 16368, 11216, 22419, 13812, 11890, 19020, 6559, 0, 0, 12374, 13191, 22816, 20553, 19659, 15905, 16436, 0, 12695, 9574, 0, 0, 13162, 11599, 16472, 22471, 16068, 9084, 11357, 19172, 12838, 0, 13030, 5895, 21382, 18670, 23361, 7386, 16714, 0, 0, 14991, 16461, 17326] entropy=3.939 (norm=0.947)
Layer 12: counts=[0, 18887, 0, 15767, 18200, 14622, 10671, 12214, 10221, 17849, 14484, 11627, 0, 11631, 14550, 24771, 22230, 15315, 16223, 7966, 14079, 12856, 14225, 17563, 13279, 12542, 11575, 10247, 22754, 13150, 5839, 18676, 16254, 8936, 11101, 18721, 7789, 20906, 0, 11401, 16388, 8874, 13188, 20186, 17407, 0, 8766, 9374, 17169, 7929, 0, 10920, 0, 0, 16112, 16208, 47447, 21986, 13246, 0, 0, 12527, 16498, 14446] entropy=3.919 (norm=0.942)
Layer 13: counts=[15560, 14108, 14313, 13338, 10261, 22338, 11976, 11626, 14335, 15170, 11015, 0, 17613, 6861, 14636, 21808, 13539, 17238, 12701, 10753, 12291, 12400, 11835, 0, 14248, 10112, 11819, 13962, 0, 20597, 17211, 15159, 24187, 17821, 9387, 13357, 12078, 16016, 0, 12356, 0, 10805, 22756, 21469, 35757, 20376, 12086, 21390, 24987, 11212, 0, 18943, 12200, 0, 9439, 0, 10734, 16518, 10800, 11937, 14068, 0, 0, 8290] entropy=3.937 (norm=0.947)
Layer 14: counts=[24989, 16285, 9604, 20085, 0, 11231, 0, 15484, 12549, 13305, 11444, 14408, 10027, 18033, 13172, 9609, 21483, 9777, 17745, 12542, 12330, 15964, 0, 17077, 12623, 20981, 7971, 15904, 26220, 0, 10273, 17940, 16635, 0, 19369, 14014, 16663, 0, 9384, 11136, 18766, 25005, 23505, 23686, 9413, 15564, 9374, 6622, 11475, 0, 17757, 16328, 12899, 0, 11918, 8395, 16959, 0, 0, 15530, 14037, 13578, 13104, 17621] entropy=3.942 (norm=0.948)
Layer 15: counts=[10125, 15490, 12378, 11300, 14386, 12327, 12726, 10919, 11716, 20339, 10047, 20394, 0, 16189, 13814, 0, 14959, 12853, 0, 9139, 10384, 0, 18852, 22669, 13610, 22090, 18323, 11864, 15510, 14315, 0, 23026, 13532, 13088, 12162, 0, 18751, 10072, 18345, 23819, 19388, 12497, 12128, 15139, 0, 7514, 18869, 19004, 22607, 12573, 15742, 11471, 13590, 16763, 0, 15140, 12112, 7592, 14978, 0, 17037, 0, 16937, 17198] entropy=3.954 (norm=0.951)
Layer 16: counts=[0, 0, 19362, 0, 13177, 0, 11906, 15653, 12855, 0, 13664, 13207, 11954, 11282, 16695, 17589, 0, 14770, 19642, 26211, 15049, 21590, 13913, 0, 13437, 22421, 10122, 14851, 0, 18812, 13096, 0, 13821, 9087, 7563, 16079, 16521, 14118, 19463, 9761, 17260, 13074, 15160, 7040, 14557, 19890, 12654, 9310, 0, 27040, 16500, 10878, 7266, 12692, 12805, 10509, 19928, 9113, 13878, 23774, 15961, 14444, 20406, 15982] entropy=3.946 (norm=0.949)
Layer 17: counts=[15955, 15086, 20349, 10916, 0, 20212, 27552, 17518, 8721, 12582, 0, 19745, 11295, 0, 0, 14770, 6940, 14077, 15711, 0, 0, 17364, 18015, 14280, 0, 15213, 14201, 14631, 14420, 20356, 13268, 19373, 13869, 0, 17439, 17470, 10420, 16155, 17546, 17054, 6223, 14992, 14393, 8821, 10651, 0, 9149, 22842, 12913, 12115, 18023, 20163, 11656, 25070, 11796, 24164, 0, 10052, 12270, 10212, 9564, 12272, 13431, 14517] entropy=3.945 (norm=0.949)
Layer 18: counts=[14215, 12332, 20752, 11868, 0, 20550, 17206, 18654, 12773, 16534, 17113, 11506, 20809, 14262, 0, 20287, 12505, 11946, 0, 6883, 13168, 14017, 14898, 19308, 12779, 17503, 14230, 9145, 9991, 13805, 17556, 14103, 21441, 0, 16345, 11233, 0, 12852, 22183, 0, 0, 13366, 15923, 23332, 9503, 11073, 0, 10118, 8793, 12849, 19221, 20231, 20348, 15579, 12224, 17443, 0, 7417, 16452, 13141, 10624, 0, 14787, 20616] entropy=3.952 (norm=0.950)
Layer 19: counts=[8541, 0, 12484, 10151, 18661, 19466, 14269, 13613, 10527, 19434, 0, 12180, 16384, 11371, 20667, 13013, 14245, 0, 13258, 23176, 17673, 13824, 12054, 22864, 13836, 16655, 0, 0, 15420, 0, 14727, 11139, 16568, 0, 15420, 17166, 12661, 23634, 4614, 12932, 21556, 7859, 0, 13683, 22292, 17374, 17579, 13609, 0, 17112, 13661, 0, 17028, 12262, 11396, 16665, 19597, 14426, 14908, 13228, 9536, 13619, 15562, 12213] entropy=3.954 (norm=0.951)
Layer 20: counts=[8169, 16873, 23582, 0, 16041, 0, 15162, 12493, 16534, 10612, 0, 8611, 19138, 17272, 16391, 14903, 0, 12792, 15402, 0, 14911, 20983, 18911, 12429, 11468, 14721, 0, 16139, 0, 12300, 12153, 19084, 20334, 0, 22177, 18565, 12609, 13946, 15139, 14954, 6744, 8904, 23278, 21495, 8030, 14586, 14006, 9506, 13355, 9532, 20431, 12575, 16599, 12502, 16013, 0, 10737, 15938, 0, 19052, 10110, 12797, 17846, 18958] entropy=3.951 (norm=0.950)
Layer 21: counts=[4411, 17145, 0, 16431, 21457, 9978, 15222, 19172, 19420, 13044, 20807, 0, 0, 14935, 18908, 15680, 15146, 17991, 11329, 11456, 9044, 34626, 0, 17270, 11995, 5139, 12760, 11318, 23281, 11367, 0, 14715, 0, 19581, 11132, 16480, 19048, 5463, 15068, 0, 13886, 0, 11675, 9000, 11129, 18847, 15789, 23684, 6859, 14528, 14643, 0, 10202, 12125, 13351, 20410, 9753, 7145, 0, 22789, 16557, 22301, 17352, 14948] entropy=3.923 (norm=0.943)
Layer 22: counts=[15917, 10491, 15004, 11216, 15210, 2674, 14329, 13561, 17193, 0, 27627, 0, 19115, 15346, 7731, 0, 9395, 9575, 17122, 0, 9004, 21295, 14554, 19120, 20851, 14912, 19204, 16095, 15872, 28021, 10173, 11330, 11303, 25997, 0, 0, 22684, 10427, 11340, 10312, 12309, 10874, 15725, 0, 11396, 14580, 18360, 17358, 0, 0, 14068, 10543, 19493, 11519, 10057, 19659, 12611, 16393, 12983, 14418, 23324, 0, 14234, 13888] entropy=3.934 (norm=0.946)
Layer 23: counts=[9606, 0, 10573, 20109, 12171, 17900, 8632, 9741, 15990, 11401, 17386, 26080, 13493, 17675, 17919, 9786, 15673, 0, 15065, 8478, 9935, 8168, 0, 9854, 14733, 16419, 0, 11740, 0, 15360, 13569, 14926, 15344, 11441, 14419, 14344, 13421, 9994, 15634, 9684, 0, 18354, 14559, 12745, 10341, 14407, 13093, 11912, 22330, 0, 8854, 15273, 0, 30340, 21453, 33107, 11281, 17382, 0, 20741, 20026, 19192, 15739, 0] entropy=3.935 (norm=0.946)
Layer 24: counts=[11605, 13873, 8684, 15796, 21452, 15855, 11342, 19387, 15208, 13638, 10955, 18328, 15253, 0, 0, 14126, 10436, 15640, 21234, 12561, 32152, 12060, 8226, 24759, 8563, 17346, 9913, 15135, 12095, 17048, 17249, 10938, 15249, 5269, 0, 8538, 10961, 0, 6204, 0, 16884, 25875, 9891, 14413, 16689, 12437, 18996, 21023, 19048, 15558, 0, 19488, 0, 12466, 17051, 10620, 17180, 0, 0, 17394, 16022, 14559, 15120, 0] entropy=3.937 (norm=0.947)
Layer 25: counts=[0, 12839, 19457, 11417, 13329, 0, 15332, 5365, 15950, 10625, 0, 12173, 13749, 0, 0, 16691, 16363, 11627, 18544, 23202, 24533, 21748, 14953, 15086, 6141, 26081, 21769, 0, 16322, 14674, 12275, 13692, 11853, 14481, 15725, 15542, 9424, 13933, 13914, 15265, 9077, 14600, 10473, 13438, 14224, 0, 11338, 14027, 52204, 13964, 10112, 8026, 10271, 18126, 19035, 10249, 0, 0, 0, 14372, 13097, 13086, 7411, 16588] entropy=3.912 (norm=0.941)
Layer 26: counts=[6828, 18473, 8156, 12776, 12852, 14436, 25698, 0, 14631, 14805, 23695, 11349, 9587, 10155, 9201, 14612, 13004, 11316, 10551, 0, 0, 10484, 12477, 13009, 22085, 9844, 11457, 18292, 13337, 0, 12704, 18140, 0, 16443, 0, 12864, 6503, 0, 23082, 0, 18048, 12093, 12582, 20821, 10597, 26471, 15282, 15276, 8831, 24743, 25843, 15106, 21722, 0, 12558, 13381, 8718, 29340, 17567, 0, 8909, 11127, 11025, 24906] entropy=3.923 (norm=0.943)

Masked eval:
Eval: 100%
 500/500 [09:42<00:00,  1.16s/it]
Accuracy = 65.00%

Baseline routing & entropy:

=== Gating Entropy per Layer ===
Layer 0 (model.layers.1.mlp.gate): avg entropy = 3.6673
Layer 1 (model.layers.2.mlp.gate): avg entropy = 3.5300
Layer 2 (model.layers.3.mlp.gate): avg entropy = 3.3999
Layer 3 (model.layers.4.mlp.gate): avg entropy = 3.4882
Layer 4 (model.layers.5.mlp.gate): avg entropy = 3.4824
Layer 5 (model.layers.6.mlp.gate): avg entropy = 3.5098
Layer 6 (model.layers.7.mlp.gate): avg entropy = 3.5622
Layer 7 (model.layers.8.mlp.gate): avg entropy = 3.5600
Layer 8 (model.layers.9.mlp.gate): avg entropy = 3.5851
Layer 9 (model.layers.10.mlp.gate): avg entropy = 3.6085
Layer 10 (model.layers.11.mlp.gate): avg entropy = 3.6286
Layer 11 (model.layers.12.mlp.gate): avg entropy = 3.6603
Layer 12 (model.layers.13.mlp.gate): avg entropy = 3.6732
Layer 13 (model.layers.14.mlp.gate): avg entropy = 3.5894
Layer 14 (model.layers.15.mlp.gate): avg entropy = 3.6199
Layer 15 (model.layers.16.mlp.gate): avg entropy = 3.6187
Layer 16 (model.layers.17.mlp.gate): avg entropy = 3.5526
Layer 17 (model.layers.18.mlp.gate): avg entropy = 3.5311
Layer 18 (model.layers.19.mlp.gate): avg entropy = 3.4755
Layer 19 (model.layers.20.mlp.gate): avg entropy = 3.6527
Layer 20 (model.layers.21.mlp.gate): avg entropy = 3.6350
Layer 21 (model.layers.22.mlp.gate): avg entropy = 3.6232
Layer 22 (model.layers.23.mlp.gate): avg entropy = 3.6353
Layer 23 (model.layers.24.mlp.gate): avg entropy = 3.6634
Layer 24 (model.layers.25.mlp.gate): avg entropy = 3.6126
Layer 25 (model.layers.26.mlp.gate): avg entropy = 3.4480
Layer 26 (model.layers.27.mlp.gate): avg entropy = 2.9916
Routing (base): 100%
 500/500 [05:41<00:00,  1.49it/s]

=== Routing Distribution & Entropy ===
Layer 0: counts=[10083, 7642, 15255, 9038, 14910, 11866, 15101, 13332, 15463, 12703, 11951, 13103, 13629, 10445, 11328, 11362, 13589, 13233, 12181, 16250, 10495, 14026, 13177, 16786, 13459, 9660, 10995, 11888, 11976, 14656, 15264, 8444, 10678, 15519, 13926, 10333, 15084, 14470, 15365, 12691, 12394, 12011, 11962, 11624, 10139, 12849, 15245, 10306, 13911, 10751, 13525, 13626, 8731, 12402, 11910, 8739, 14828, 12561, 15559, 13661, 10927, 14015, 11459, 13301] entropy=4.145 (norm=0.997)
Layer 1: counts=[10200, 9829, 10975, 13281, 7661, 13121, 10651, 15420, 13903, 10790, 12635, 16293, 9163, 12070, 15340, 8765, 12302, 14112, 10570, 14809, 10727, 7743, 18962, 14956, 8359, 9471, 14261, 10449, 13777, 13436, 12283, 13772, 10357, 14114, 12189, 12598, 16590, 10866, 14233, 14031, 15761, 14457, 14252, 10478, 14631, 12295, 13592, 10098, 12931, 11768, 13331, 11644, 14287, 10691, 11612, 11365, 11361, 12654, 9559, 12851, 7945, 19715, 19898, 15552] entropy=4.137 (norm=0.995)
Layer 2: counts=[14693, 7931, 10028, 11459, 14904, 9018, 12197, 7255, 16990, 13684, 12656, 9530, 16347, 12505, 12119, 16321, 14777, 15822, 11309, 13367, 13942, 7901, 16358, 10811, 17215, 12116, 13022, 10133, 16641, 15622, 12128, 15284, 17673, 9881, 15612, 11007, 11293, 15402, 12907, 10411, 13245, 10506, 13119, 10885, 14682, 13799, 13335, 11451, 8541, 9019, 7458, 10393, 13295, 10165, 12775, 11837, 11986, 12317, 17108, 9113, 9966, 11592, 12350, 20584] entropy=4.134 (norm=0.994)
Layer 3: counts=[9796, 16968, 9014, 19011, 10789, 11202, 15759, 17011, 7960, 13220, 11177, 10264, 8683, 12968, 8839, 11671, 13496, 16373, 14805, 13798, 9457, 20291, 16419, 12455, 9267, 14980, 7853, 14029, 14920, 8259, 7331, 10794, 9796, 15112, 16268, 8195, 18137, 20000, 11035, 10935, 14153, 13742, 10113, 12936, 10995, 7953, 16489, 9686, 14993, 12320, 14462, 9798, 11072, 11501, 10360, 14666, 14252, 9548, 13019, 12688, 19396, 10250, 14286, 10777] entropy=4.126 (norm=0.992)
Layer 4: counts=[9626, 14671, 19763, 12846, 13523, 7962, 10260, 11889, 7781, 13079, 15344, 16917, 9257, 11769, 8123, 14388, 10424, 10084, 15539, 16554, 8520, 8573, 6513, 16681, 9600, 11346, 15252, 17547, 7600, 16607, 12350, 9117, 10926, 10357, 14784, 5904, 12866, 11651, 17989, 18077, 9159, 10705, 10784, 11548, 13156, 10501, 20650, 18476, 19551, 7772, 10169, 23347, 11690, 13314, 12853, 11094, 14542, 4490, 16486, 15512, 7208, 10897, 15411, 16418] entropy=4.111 (norm=0.988)
Layer 5: counts=[9569, 14276, 6153, 12896, 12796, 12297, 16321, 6186, 20445, 8595, 13412, 17528, 14713, 10941, 16141, 11960, 11977, 7482, 8986, 7267, 15226, 10826, 9358, 6398, 14014, 26799, 9395, 12579, 14956, 9420, 17097, 14768, 19382, 5772, 17003, 22355, 9110, 14990, 15269, 12115, 9033, 14883, 8952, 13970, 9913, 10555, 11550, 12940, 12890, 12113, 28527, 14828, 16630, 18207, 13378, 9930, 9440, 11767, 8126, 6551, 10262, 6639, 9347, 10588] entropy=4.098 (norm=0.985)
Layer 6: counts=[9562, 12586, 12265, 19165, 6381, 12520, 19425, 10526, 12887, 8656, 13714, 7877, 9374, 6820, 11802, 9908, 14701, 10001, 17048, 15469, 9883, 10563, 9727, 9748, 15060, 25581, 20022, 8480, 6450, 8360, 18160, 15440, 17123, 6957, 11985, 10393, 9658, 14295, 13773, 17520, 16860, 23005, 14243, 9004, 5398, 10673, 8829, 14958, 12076, 18953, 3555, 11836, 7343, 11728, 9362, 8555, 19863, 28352, 19301, 10011, 6096, 10181, 11364, 16381] entropy=4.086 (norm=0.983)
Layer 7: counts=[10838, 12120, 17257, 9962, 13319, 11128, 8066, 31784, 23207, 15761, 11049, 10559, 7957, 4157, 9992, 10113, 12250, 6823, 9130, 15352, 24953, 9437, 20067, 15731, 7326, 15132, 12161, 19833, 12038, 18541, 15623, 16362, 10842, 18014, 11739, 10580, 15147, 10073, 3515, 3627, 9412, 7626, 9035, 10202, 10651, 6640, 20865, 7094, 10896, 9432, 17059, 8703, 14739, 18686, 18841, 9851, 16606, 17119, 15233, 4407, 10788, 12820, 8048, 11474] entropy=4.075 (norm=0.980)
Layer 8: counts=[7626, 13942, 15180, 6274, 8148, 11690, 24670, 35748, 60242, 16145, 6869, 9551, 7532, 16505, 13154, 11034, 9039, 9645, 11547, 3763, 10547, 9092, 17827, 6882, 8150, 12325, 2549, 11290, 6639, 9751, 16071, 16773, 10221, 17041, 14632, 16603, 6162, 16185, 25497, 14924, 9377, 6563, 11652, 12136, 8730, 13633, 9035, 3580, 16182, 7566, 5343, 10920, 19230, 19280, 9803, 11371, 3624, 20458, 8624, 10234, 5554, 10302, 14396, 12734] entropy=4.000 (norm=0.962)
Layer 9: counts=[9206, 14283, 6701, 13690, 6181, 8513, 17693, 6265, 8981, 12136, 11674, 4881, 17704, 18324, 27759, 20832, 6446, 12130, 11104, 6514, 16125, 12292, 9400, 9851, 10240, 16994, 4778, 4604, 22499, 13452, 5515, 7475, 16280, 11736, 15510, 19036, 15762, 16666, 8604, 10283, 13699, 13217, 11579, 8556, 19840, 10507, 14329, 14672, 18437, 6753, 4746, 9204, 12917, 19584, 11540, 17977, 9120, 3956, 15407, 7139, 24516, 13372, 28604, 10002] entropy=4.064 (norm=0.977)
Layer 10: counts=[20157, 5740, 5886, 13809, 17995, 7292, 4793, 35894, 20515, 3913, 8503, 9288, 19158, 8331, 12465, 10527, 26036, 16254, 8598, 13445, 13564, 12795, 9483, 15704, 9732, 6544, 10767, 15370, 43141, 16172, 13674, 6719, 8821, 9367, 9959, 15363, 12259, 9499, 7264, 2388, 11887, 4635, 9172, 10472, 27379, 6843, 7519, 8019, 19060, 5247, 7711, 15557, 22236, 7858, 9754, 16608, 9070, 9881, 9277, 21271, 12963, 13792, 7405, 16992] entropy=4.021 (norm=0.967)
Layer 11: counts=[7451, 8375, 14348, 57108, 9656, 12497, 12894, 18577, 10009, 10827, 6136, 6694, 10334, 5723, 13665, 10083, 3544, 10417, 10151, 11092, 7082, 10344, 2808, 14333, 10366, 10063, 14982, 4426, 18760, 21497, 9667, 11310, 14399, 12019, 14146, 9896, 11939, 21635, 7888, 8258, 21723, 31350, 11879, 8607, 5252, 9773, 11269, 3050, 7659, 15228, 10815, 28081, 5692, 2886, 11419, 15140, 6611, 5828, 15512, 19961, 45013, 7926, 12765, 8954] entropy=3.974 (norm=0.955)
Layer 12: counts=[26260, 9910, 20196, 9019, 15411, 6286, 7332, 9609, 6192, 9620, 11873, 9851, 19503, 6806, 13205, 19311, 15577, 12448, 6749, 4645, 10646, 11318, 9992, 11860, 8631, 8389, 8668, 7767, 15233, 11661, 3121, 13806, 10639, 5852, 2789, 14061, 7301, 15358, 22298, 9378, 11312, 7438, 5186, 18649, 14856, 36547, 5637, 6849, 14958, 3938, 38053, 9972, 22012, 33900, 5126, 7959, 11289, 15941, 11054, 20154, 22757, 9625, 15972, 10037] entropy=4.011 (norm=0.965)
Layer 13: counts=[12115, 12702, 8481, 12351, 7626, 16935, 9480, 7332, 10628, 12364, 6064, 21866, 16494, 4897, 11841, 6619, 9939, 12135, 8176, 8759, 10072, 10083, 9212, 19670, 11606, 8324, 8436, 10727, 25298, 18415, 15791, 9544, 17264, 14245, 5340, 9304, 7058, 10755, 19686, 5362, 28542, 7250, 15757, 15896, 8315, 9199, 10099, 13448, 18808, 6840, 26116, 13569, 10834, 20274, 7004, 24114, 10372, 15591, 7411, 9014, 10311, 29569, 20242, 6221] entropy=4.060 (norm=0.976)
Layer 14: counts=[14572, 13265, 5304, 16590, 25727, 9057, 21974, 10746, 10452, 12359, 10254, 10642, 6848, 14473, 11591, 4819, 12855, 8032, 11832, 9513, 7898, 13644, 20591, 13743, 8649, 16446, 5673, 9659, 5795, 25318, 8225, 14954, 11731, 29706, 15175, 11841, 15686, 20717, 9425, 8424, 7328, 14787, 17413, 15687, 7129, 5243, 6891, 5091, 9132, 19777, 12868, 13648, 9431, 21516, 9586, 7616, 13477, 21251, 19109, 9902, 13335, 11852, 9317, 12201] entropy=4.072 (norm=0.979)
Layer 15: counts=[8712, 12526, 10570, 9336, 8738, 10054, 11007, 10266, 7737, 14083, 8721, 12574, 23566, 12393, 10851, 26708, 10395, 12196, 19908, 6629, 9668, 21917, 13689, 11133, 10843, 12659, 12109, 8814, 11106, 11154, 20680, 15002, 10894, 8384, 10749, 28860, 13901, 7098, 10473, 10743, 14407, 9570, 8450, 8621, 28374, 5999, 10251, 8502, 12336, 8316, 9365, 9277, 7938, 10431, 28332, 11577, 9987, 3757, 12181, 32170, 12580, 16732, 11565, 10228] entropy=4.067 (norm=0.978)
Layer 16: counts=[16684, 23400, 11323, 24018, 6784, 21997, 8961, 10904, 9899, 64941, 10264, 8941, 6490, 7933, 14953, 10700, 23975, 12658, 14700, 15332, 15426, 11806, 9524, 25274, 9604, 14676, 7635, 9603, 22137, 14784, 10025, 15246, 11655, 5132, 7192, 12644, 12519, 11871, 12170, 8948, 11864, 9262, 12152, 5953, 12067, 12802, 11193, 6114, 17704, 9134, 9949, 10011, 4809, 8370, 5034, 7679, 14382, 5841, 7140, 11463, 9961, 9011, 11711, 11458] entropy=4.020 (norm=0.967)
Layer 17: counts=[16449, 9988, 9471, 8997, 18822, 12670, 16757, 12708, 9594, 9236, 18780, 16280, 7435, 17653, 19742, 10574, 5316, 5746, 11549, 22384, 20403, 11099, 13723, 10274, 23139, 10495, 11828, 11012, 11240, 16520, 8534, 15482, 11357, 18766, 17556, 16040, 8435, 6488, 17190, 15713, 4640, 10560, 13655, 7221, 11049, 20333, 8495, 12943, 9286, 8949, 11789, 13658, 11777, 16855, 8832, 14907, 20065, 6882, 10255, 8755, 9806, 9561, 11275, 10799] entropy=4.099 (norm=0.986)
Layer 18: counts=[11932, 5455, 14328, 7635, 22308, 16677, 15697, 15090, 10370, 11036, 8831, 8412, 12041, 11735, 21904, 17261, 9226, 11175, 19730, 4714, 11248, 17089, 8390, 17116, 8202, 11670, 8729, 7221, 9478, 7404, 9905, 12148, 15314, 21061, 10857, 9408, 21010, 10146, 13123, 22635, 23646, 10337, 10373, 18779, 10947, 10063, 19407, 10246, 6576, 9339, 12818, 11868, 10855, 12735, 8171, 14163, 19736, 4705, 11264, 10987, 6546, 23233, 11078, 12209] entropy=4.088 (norm=0.983)
Layer 19: counts=[6597, 22515, 6880, 7578, 14880, 14779, 10975, 6979, 10181, 15138, 18128, 10802, 8996, 9797, 8757, 9278, 9839, 20939, 11059, 10996, 13241, 10370, 5631, 13310, 13178, 15816, 21533, 22533, 10139, 20317, 11816, 10161, 10532, 16885, 10266, 15574, 9338, 11485, 3815, 11316, 14590, 4569, 18340, 11762, 15709, 9635, 10316, 10601, 38390, 11157, 7674, 34666, 11990, 9215, 6625, 12686, 15437, 9392, 9757, 8843, 9480, 11902, 15248, 7459] entropy=4.064 (norm=0.977)
Layer 20: counts=[8576, 10168, 11800, 21301, 10817, 27578, 16372, 7185, 13825, 6070, 17913, 6941, 8998, 14414, 14059, 10577, 18592, 11837, 14567, 19492, 9208, 16777, 12113, 11131, 8100, 11495, 17202, 11547, 27936, 9565, 10080, 11666, 15247, 19038, 13549, 11942, 9544, 8212, 11800, 8660, 8576, 7079, 14177, 11495, 6084, 13989, 12211, 6661, 10515, 8076, 11008, 9710, 11443, 10101, 11110, 24609, 11019, 10052, 22617, 10547, 12729, 10051, 12180, 15859] entropy=4.094 (norm=0.984)
Layer 21: counts=[2798, 8271, 17432, 11309, 14030, 11245, 10084, 13687, 12722, 10909, 15777, 21780, 20943, 11573, 16647, 13120, 10593, 12958, 10734, 9068, 6962, 13745, 21877, 12756, 9056, 3602, 13636, 8592, 14371, 9189, 45896, 11951, 17194, 11028, 8996, 14096, 8633, 3214, 12262, 26315, 14101, 20468, 8915, 7651, 7848, 16792, 11717, 10334, 6501, 10489, 11349, 18181, 11343, 8305, 11120, 12133, 9616, 5094, 18940, 11261, 11588, 15371, 9800, 9824] entropy=4.060 (norm=0.976)
Layer 22: counts=[8930, 8174, 10485, 9602, 15498, 1934, 14432, 9767, 15724, 25864, 6263, 29491, 9980, 12208, 5729, 31629, 8130, 8108, 12517, 18644, 7515, 13212, 14885, 11412, 15474, 12848, 16030, 8009, 11014, 15481, 10970, 10266, 10304, 15443, 21846, 20057, 14405, 7201, 10799, 7688, 11655, 11020, 10984, 19850, 10881, 12260, 10411, 11193, 18037, 16087, 10254, 10207, 11986, 8139, 7808, 15868, 7900, 12626, 10373, 13081, 14639, 18586, 7774, 8205] entropy=4.079 (norm=0.981)
Layer 23: counts=[6963, 20392, 10459, 12241, 9488, 16537, 7402, 9156, 11343, 7361, 17218, 17218, 11016, 9324, 17718, 7868, 9745, 17799, 10274, 5992, 12389, 6525, 24011, 10038, 11803, 12416, 19211, 11096, 20988, 9672, 9697, 14761, 9330, 6937, 8418, 10970, 8656, 8144, 12732, 7699, 19513, 17380, 8867, 11833, 10342, 10605, 8524, 10623, 9590, 24224, 8078, 12692, 28614, 8660, 13980, 10576, 8524, 15708, 25969, 12885, 13571, 11021, 13421, 21585] entropy=4.085 (norm=0.982)
Layer 24: counts=[8812, 11172, 10277, 13827, 12344, 10100, 8170, 10712, 11164, 6329, 8510, 14297, 12089, 26274, 21175, 9347, 8250, 10818, 11603, 8602, 7886, 9535, 10752, 10195, 11471, 9921, 9136, 14149, 7299, 12152, 12200, 7393, 16835, 7210, 17359, 6073, 12043, 23363, 3281, 17160, 10887, 11921, 11865, 10610, 9738, 9295, 10940, 17034, 12194, 11754, 18971, 13623, 23914, 15134, 14206, 10535, 12135, 23900, 32018, 11054, 15115, 11098, 7916, 22650] entropy=4.082 (norm=0.982)
Layer 25: counts=[21301, 8554, 14187, 6798, 9563, 18261, 9591, 7339, 11100, 8871, 27785, 7296, 10600, 18388, 31575, 12013, 11915, 7792, 12835, 17579, 15187, 14345, 11947, 11992, 3701, 13149, 16977, 41842, 13168, 8940, 9254, 12986, 9192, 10151, 12456, 14272, 7925, 12108, 9107, 10077, 8354, 9488, 9987, 16899, 10253, 19084, 8327, 9894, 5686, 11386, 6734, 7015, 7914, 18058, 15972, 9456, 22038, 21198, 18521, 7603, 5575, 6738, 9532, 9961] entropy=4.052 (norm=0.974)
Layer 26: counts=[7308, 15454, 8022, 13260, 10798, 9836, 15213, 17616, 14881, 10357, 12747, 8968, 9529, 9202, 8519, 14912, 12536, 9343, 10000, 17809, 42718, 11270, 12123, 5462, 9281, 8855, 7857, 14191, 11142, 16854, 10603, 10891, 17390, 14962, 16474, 11349, 9355, 19087, 13143, 19890, 14975, 11745, 14637, 12797, 8230, 11390, 11153, 9068, 5830, 13516, 8678, 13441, 16481, 26598, 9363, 11859, 8536, 9894, 13007, 16557, 8603, 10458, 6819, 14950] entropy=4.087 (norm=0.983)

Baseline eval:
Eval: 100%
 500/500 [10:13<00:00,  1.23s/it]
Accuracy = 77.40%